#The file contains the sold price (sp), percentage difference to asking price (%ac) and price per square meter (psm) in SEK of apartments on Kungsholmen 
# sp %ac  psm 
3450000 -1 71875
2750000 +2 88710
3675000 -1 76563
5950000 +13 121429
3075000 +3 96094
5980000 +2 98843
3300000 +10 103125
7450000 +1 100000
3300000 ±0 132000
5550000 +7 92500
3800000 +1 81720
7000000 +5 88608
3800000 +9 80851
5000000 ±0 95238
3550000 +8 93421
4745000 +12 76532
2195000 ±0 97556
4950000 -17 78571
6550000 +9 109167
3500000 +17 116667
4120000 +6 91556
3175000 -4 79375
3000000 +3 96774
1995000 ±0 108424
5505000 +10 93305
2750000 +10 114583
19000000 -4 131944
4030000 NaN 89556
8300000 +5 81373
6785000 -3 95563
6100000 +17 109910
2615000 -5 100577
9725000 -5 94509
2400000 +20 120000
3050000 +11 87143
11800000 +8 149367
8500000 ±0 89474
3875000 +2 99359
2300000 NaN 125000
3870000 +6 90000
6410000 +7 94265
3100000 +4 82667
9600000 +1 88073
7550000 -4 78238
3250000 NaN 81250
5570000 +7 103148
9800000 +3 113953
2380000 NaN 99167
3000000 +4 111111
11325000 +17 133235
