#The file contains the sold price (sp), percentage difference to asking price (%ac) and price per square meter (psm) in SEK of apartments on Kungsholmen 
# sp %ac  psm 
4300000 +3 85149
3950000 +7 90805
7495000 -5 82363
3720000 +14 88571
3670000 +5 101944
2875000 -4 79861
2930000 +7 83714
3650000 +3 74490
2225000 +6 101136
4812500 -1 80208
3000000 +20 120000
7100000 +2 100000
5600000 +13 105660
7700000 -4 98718
3000000 +4 90909
2750000 +4 98214
5020000 +5 77231
4900000 +17 106522
13050000 +1 104400
2550000 +2 106250
7050000 +9 111905
4420000 +11 107805
4230000 +1 100714
3110000 +11 90145
3680000 +23 118710
9250000 -5 85648
6800000 +5 86076
4025000 +5 100625
9500000 +3 92233
3500000 +10 111111
8725000 +12 92819
3472500 -1 87911
4310000 -1 79815
5400000 +4 90000
7025000 +9 91234
2830000 NaN 101071
4400000 +10 115789
3100000 +9 110714
6495000 ±0 92786
4000000 +1 88889
5450000 -4 95614
7500000 +7 96154
10100000 +2 101000
7400000 -7 80435
4800000 +4 89720
6700000 +3 86452
5540000 +16 115417
4800000 +16 114286
2100000 ±0 93333
3100000 +7 98413
